     2.0           2           2
     3.0           3           3
     4.0           4           4
     5.0           5           5
     6.0           6           6
     7.0           7           7
     8.0           8           8
     9.0           9           9
    10.0          10          10
    11.0          11          11
    12.0          12          12
    13.0          13          13
    14.0          14          14
    15.0          15          15
    16.0          16          16
    17.0          17          17
    18.0          18          18
    19.0          19          19
    20.0          20          20
    21.0          21          21
    22.0          22          22
    23.0          23          23
    24.0          24          24
    25.0          25          25
    26.0          26          26
    27.0          27          27
    28.0          28          28
    29.0          29          29
    30.0          30          30
    31.0          31          31
    32.0          32          32
    33.0          33          33
    34.0          34          34
    35.0          35          35
    36.0          36          36
    37.0          37          37
    38.0          38          38
    39.5          39          40
    41.5          41          42
    43.5          43          44
    45.5          45          46
    47.5          47          48
    49.5          49          50
    51.5          51          52
    53.5          53          54
    55.5          55          56
    57.5          57          58
    59.5          59          60
    61.5          61          62
    63.5          63          64
    65.5          65          66
    67.5          67          68
    69.5          69          70
    71.5          71          72
    73.5          73          74
    75.5          75          76
    77.5          77          78
    80.0          79          81
    83.0          82          84
    86.0          85          87
    89.0          88          90
    92.0          91          93
    95.0          94          96
    98.0          97          99
   101.0         100         102
   104.0         103         105
   107.0         106         108
   110.0         109         111
   113.0         112         114
   116.0         115         117
   119.0         118         120
   122.5         121         124
   126.5         125         128
   130.5         129         132
   134.5         133         136
   138.5         137         140
   142.5         141         144
   146.5         145         148
   150.5         149         152
   154.5         153         156
   158.5         157         160
   163.0         161         165
   168.0         166         170
   173.0         171         175
   178.0         176         180
   183.0         181         185
   188.0         186         190
   193.0         191         195
   198.0         196         200
   203.5         201         206
   209.5         207         212
   215.5         213         218
   221.5         219         224
   227.5         225         230
   233.5         231         236
   239.5         237         242
   246.0         243         249
   253.0         250         256
   260.0         257         263
   267.0         264         270
   274.0         271         277
   281.0         278         284
   288.5         285         292
   296.5         293         300
   304.5         301         308
   312.5         309         316
   320.5         317         324
   329.0         325         333
   338.0         334         342
   347.0         343         351
   356.0         352         360
   365.5         361         370
   375.5         371         380
   385.5         381         390
   395.5         391         400
   406.0         401         411
   417.0         412         422
   428.0         423         433
   439.0         434         444
   450.5         445         456
   462.5         457         468
   474.5         469         480
   487.0         481         493
   500.0         494         506
   513.0         507         519
   526.5         520         533
   540.5         534         547
   554.5         548         561
   569.0         562         576
   584.0         577         591
   599.0         592         606
   614.5         607         622
   630.5         623         638
   647.0         639         655
   664.0         656         672
   681.0         673         689
   698.5         690         707
   716.5         708         725
   735.0         726         744
   754.0         745         763
   773.5         764         783
   793.5         784         803
   814.0         804         824
   835.0         825         845
   856.5         846         867
   878.5         868         889
   901.0         890         912
   924.0         913         935
   947.5         936         959
   972.0         960         984
   997.0         985        1009
  1022.5        1010        1035
  1048.5        1036        1061
  1075.0        1062        1088
  1102.5        1089        1116
  1130.5        1117        1144
  1159.0        1145        1173
  1188.5        1174        1203
  1219.0        1204        1234
  1250.0        1235        1265
  1281.5        1266        1297
  1314.0        1298        1330
  1347.5        1331        1364
  1382.0        1365        1399
  1417.5        1400        1435
  1453.5        1436        1471
  1490.0        1472        1508
  1527.5        1509        1546
  1566.0        1547        1585
  1605.5        1586        1625
  1646.0        1626        1666
  1687.5        1667        1708
  1730.0        1709        1751
  1773.5        1752        1795
  1818.0        1796        1840
  1864.0        1841        1887
  1911.5        1888        1935
  1960.0        1936        1984
  2009.5        1985        2034
  2060.0        2035        2085
  2112.0        2086        2138
  2165.5        2139        2192
  2220.0        2193        2247
  2276.0        2248        2304
  2333.5        2305        2362
  2392.5        2363        2422
  2453.0        2423        2483
  2515.0        2484        2546
  2578.5        2547        2610
  2643.5        2611        2676
  2710.0        2677        2743
  2778.0        2744        2812
  2848.0        2813        2883
  2920.0        2884        2956
  2993.5        2957        3030
